# This file may be used to create an environment using:
# $ conda create --name <env> --file <this file>
# platform: win-64
# created-by: conda 24.11.3
asgiref=3.9.1=pyhd8ed1ab_0
bzip2=1.0.8=h0ad9c76_8
ca-certificates=2025.8.3=h4c7d964_0
dj-database-url=2.1.0=pyhd8ed1ab_0
django=5.2.6=pyhd8ed1ab_0
icu=75.1=he0c23c2_0
krb5=1.21.3=hdf4eb48_0
libexpat=2.7.1=hac47afa_0
libffi=3.4.6=h537db12_1
liblzma=5.8.1=h2466b09_2
libmpdec=4.0.0=h2466b09_0
libpq=17.6=h063c6db_1
libsqlite=3.50.4=hf5d6505_0
libzlib=1.3.1=h2466b09_2
openssl=3.5.2=h725018a_0
pip=25.2=pyh145f28c_0
psycopg2=2.9.10=py313h03fd0a9_2
python=3.13.7=hdf00ec1_100_cp313
python_abi=3.13=8_cp313
sqlparse=0.5.3=pyhd8ed1ab_0
tk=8.6.13=h2c6b04d_2
typing_extensions=4.15.0=pyhcf101f3_0
tzdata=2025b=h78e105d_0
ucrt=10.0.26100.0=h57928b3_0
vc=14.3=h41ae7f8_31
vc14_runtime=14.44.35208=h818238b_31
vcomp14=14.44.35208=h818238b_31
